11132
20585
10084
20584
9798
23281
2075
15742
7999
8830
16388
10204
18657
15718
17651
12724
4590
12212
4910
16253
4399
8791
21805
2305
8792
20891
17031
16015
13201
3338
18233
20510
21635
2173
4078
21361
20352
214
3339
18629
18091
8793
2174
372
16162
20398
5934
9797
14324
22921
5630
17329
8769
22773
14523
6526
20328
17945
18328
15743
9907
7835
19426
10814
3276
6680
3594
20338
7651
11194
11967
10097
2805
7481
11225
19780
22488
2795
7869
14264
20459
13064
4244
16905
12977
2569
3340
5415
18627
19044
15668
3602
16460
8530
12918
19752
14860
5943
8356
15576
2941
1870
17772
16520
8756
1419
13808
4852
8672
18331
22209
22250
13178
16076
19422
9197
22203
19367
7039
7127
3706
1263
13730
6969
9559
498
12531
4359
21662
14859
6505
3511
18678
3928
50
15356
18907
17812
7086
8862
9044
11106
172
4037
5352
8632
2308
21405
23043
8020
8647
5885
23220
3214
12641
3983
13260
4309
961
12462
8610
19041
4702
773
11417
20492
17407
6970
15271
17638
2076
22746
2468
3758
14872
14127
14874
2134
21987
1918
15739
252
3626
19750
374
8390
6667
5646
8884
979
12589
1122
11121
13259
15764
361
6306
3105
2072
16296
4042
13679
13945
20680
21094
15578
14809
9593
987
2103
5543
15879
893
14873
2322
13114
3377
7367
15088
9226
7928
3382
2669
1029
8565
4664
1626
8667
3380
10970
6550
8999
2777
8773
1181
6967
14811
16824
17488
6428
3639
21491
3378
15111
18070
7380
15818
11953
10362
12786
14911
21722
21679
14755
22942
1294
13845
13552
1758
4958
2278
1051
8829
1661
14143
19822
6113
4774
14577
897
15483
3873
18406
20648
3488
14385
1092
13199
5497
16518
12834
12274
20415
6391
7441
15840
2301
4509
15461
10067
11868
1908
20370
6726
317
10199
17474
3063
3039
13500
9789
3383
4213
9271
2707
1799
4175
6971
6299
772
5460
1757
17351
12053
6176
22983
16429
19525
16222
8137
20850
1109
7720
11994
18662
9180
16280
16192
10466
20564
18698
3026
16569
18296
14838
21859
2942
15186
2604
10388
2924
17210
4171
15260
7104
8470
8865
18234
20239
3381
17629
1404
861
5012
12342
8886
7259
19617
14716
939
13318
10200
5056
14508
5694
428
5332
13915
3069
2714
17984
16493
19807
5452
7379
13312
4401
5288
10376
2806
10518
20283
18690
16006
10146
550
224
20872
22050
4573
20500
6975
4232
3731
15793
2503
19361
17054
1597
552
10369
4985
4136
19877
6798
7834
20371
12459
8216
1995
1500
9380
501
13668
6790
12199
20227
21708
2484
4909
12593
13176
7134
7489
7535
18709
9571
19530
6532
384
22481
8837
12437
16484
21419
19935
8813
3870
13196
20895
5330
13353
1120
5623
18447
5421
22025
19912
21597
2
13446
6169
1831
21696
2455
9585
17128
17349
6903
13717
4291
14491
18983
22336
12237
21535
14736
23118
13194
1857
19911
16539
21887
9866
1550
19536
4467
251
1997
5226
9962
22081
18268
12720
21951
5952
9345
7607
12490
22049
6959
19264
2957
1119
2280
16533
2799
18215
13204
9223
13743
10777
1308
7210
14141
5965
8785
14879
12902
16837
22429
3356
12975
17021
3745
20978
10241
16389
4866
3641
21385
14976
17158
915
20597
13976
12767
22396
19068
21243
17321
6850
7660
2794
17463
19828
8480
6983
2778
19945
10186
13580
5769
9977
16010
12411
14081
22005
13203
3360
17355
14883
13045
11091
771
16903
10959
17441
17661
16103
17273
7823
16861
492
8341
8017
21602
2462
13316
1116
20839
20632
12159
20953
7076
16968
4526
13992
675
3958
1288
12591
2259
849
7981
18425
2180
17985
2944
7977
20860
19630
8783
2004
3966
20392
16292
21187
1899
2571
4020
16179
16246
4583
12391
21381
16982
18236
2030
6587
16610
8665
20065
2871
2562
1264
19385
7501
17023
17440
10909
3229
7496
14746
14367
13709
5798
8139
215
15473
18449
7495
18397
10043
18625
10462
4008
6767
16085
8132
14084
20053
15740
8300
11738
14835
2776
2403
20326
16434
20842
8675
16404
11081
3077
16984
11258
7168
15148
2574
12323
1117
4701
8520
20203
8788
21435
12927
18361
13676
16136
16150
14402
5509
16551
11951
12249
16854
12412
2479
12329
17813
4683
20078
22198
15762
16568
12021
21867
17653
12321
16516
17489
295
1369
23085
12160
19804
6830
21810
19388
14039
14898
21620
22756
18601
12250
10457
2128
18979
4868
10552
19091
17171
1861
4938
4677
15411
1385
10169
8005
20300
13718
16676
5322
21085
15533
13820
9403
5278
12973
14506
9595
20950
13474
2046
145
11244
15055
3793
563
6361
21868
15294
6607
22373
20985
9329
687
13146
5236
2507
851
22430
19392
1734
3342
15579
18301
9101
1118
4209
7394
9350
7328
6223
856
5374
12063
4881
4095
14914
875
21082
22084
3848
16489
2446
1621
10827
16488
15378
2158
3092
12358
6896
14818
3965
13576
10649
9882
54
8244
15845
11423
6438
21854
10890
5433
10115
880
5231
9756
1858
3863
3341
21443
10061
1287
7183
15322
9574
20488
2984
9928
13457
14073
3854
1690
6927
5128
13492
19759
8612
20955
6862
16465
20322
8203
15408
452
12127
8373
803
124
20359
8134
14337
12634
3906
9849
7938
11034
2782
12711
11711
10009
1966
15789
7785
8814
6228
8838
10921
14912
15418
11364
12796
21670
2767
16095
10430
14805
18670
21421
11919
9825
12881
14356
6742
5663
7182
8124
11717
19785
8782
4872
5403
6274
8479
18624
9724
10774
15643
10135
16024
16418
7774
23079
10085
1946
10639
20260
15165
20851
4432
16402
18265
294
12395
4306
12576
8673
16623
20136
2083
18094
4222
9545
14825
3776
6768
15223
14771
22969
12108
21578
1540
16960
841
11833
1573
9806
249
12328
13758
1382
13593
16832
21197
4589
17148
8821
6423
3767
18809
3542
2065
8027
11366
2511
136
3730
17450
14834
22533
5212
9268
9523
13600
21617
6272
11025
17486
5789
21862
17996
13825
21749
13073
22635
9270
22872
7831
2430
4518
9243
17133
14245
14154
16838
8764
11673
1879
947
6282
627
5977
21436
8624
1163
2915
12322
15283
2132
13461
9269
9368
18794
2750
20727
9321
483
14416
17763
8757
16029
15832
4031
5891
1645
21694
887
16627
18299
12380
4409
20343
12006
20718
22586
17218
15176
2740
3491
250
7793
6799
16475
12520
709
3534
5259
10211
13715
13732
765
12200
7202
2526
11263
1716
9023
14209
21874
3085
6043
15089
15258
7152
21422
17547
7382
13183
5982
4236
1338
7559
19649
16771
18434
10989
7707
8131
2534
11075
18096
5616
13409
10356
19427
6096
12800
16917
7528
9813
16474
8038
15355
18061
13547
14969
3097
18360
14729
12296
13085
1862
23292
6027
19615
20825
13152
3477
3308
5953
15747
5807
15224
22421
17275
3866
17307
10744
3502
21166
13311
8754
4094
6761
12895
2718
12351
581
9994
13670
6640
17244
3901
19072
8704
17504
9560
19767
14536
17295
12950
9577
15343
18860
3489
10549
7746
6809
19596
10767
12357
2324
20589
14720
8208
21642
15803
2279
12444
17952
6109
21464
7936
8559
511
14680
13999
7929
20793
10458
22493
12345
2518
6556
8856
15640
3130
18016
18473
3054
6772
6861
1372
13951
3760
18644
13753
19883
8701
1769
18369
6511
8219
6206
2537
1043
1196
18335
2674
15175
21461
16147
14893
10005
16161
20969
11347
15809
6808
22187
18894
6464
6635
9998
21399
15069
18293
6482
22169
15126
11955
9569
22057
10127
18898
16360
5686
17249
19055
14654
2068
7601
6890
243
19533
702
1442
20509
6690
5412
7944
16203
6867
556
5250
13407
9576
12272
6039
5359
9986
1855
12971
19601
20073
9418
13814
17646
18419
9274
9422
6081
21765
20335
6800
14665
11765
5192
5984
2741
13285
17756
13120
2469
4316
3198
12113
21103
21691
14888
14675
19505
22061
15140
8532
21895
4139
5389
12163
21248
19880
2807
5902
11873
14701
4994
9918
8306
18067
6756
21556
19033
14611
6517
2248
12813
11749
7714
16620
21510
16110
11308
10255
9148
19784
10074
17278
20599
15799
5132
16080
19826
16571
15420
4963
18320
13695
12421
18589
10012
929
13955
20987
7927
16461
17019
22212
14147
16251
14853
275
17415
9045
10725
3590
5306
16220
6686
18811
23336
1853
17109
19775
7090
10539
10459
13431
21830
12763
15160
3294
5373
5323
18658
164
2720
17455
1572
20318
22972
601
3525
17658
13147
9247
11111
19015
3490
7427
9320
17026
11238
12041
19810
15882
22370
6010
21906
1028
222
8336
3225
16721
21541
2682
16129
2752
6436
20376
1600
13641
1066
1603
7478
309
18687
3920
13423
16273
3025
5780
10872
20819
2090
15012
1082
679
1458
17643
8109
18990
23075
15421
10586
7235
20530
8469
1976
15386
2069
16626
7954
21710
18501
5688
12884
22374
10136
8290
5820
1532
15413
18847
8045
14417
20514
4110
6441
718
20149
10059
11131
10153
5198
6997
39
4343
20337
8210
22017
2547
15986
4347
3895
17471
22993
9196
20905
8196
17543
9406
12360
22478
1060
274
12533
15887
5253
933
2169
15287
11377
13358
4097
3770
18901
17376
10062
6236
1202
8857
160
9562
15969
20457
5924
10692
7016
600
6373
4205
14549
9437
4276
7436
7879
7440
3405
3038
1198
4158
1906
5283
13794
10187
22261
2498
3424
10910
16862
16884
1731
20330
2489
14867
7407
21954
4117
13824
23171
8240
23222
16594
18246
3724
996
6542
20458
1663
8084
21090
13620
21026
4511
1352
8182
16887
10583
16662
2722
6836
22313
10249
22804
7588
3773
19592
2306
11141
2797
3228
19414
5776
15775
20173
21688
16998
18350
783
14839
16428
10820
10251
2052
10530
19272
4358
13499
19529
14864
21944
9202
7674
11187
2320
6785
22950
9408
20740
2116
15760
21608
21775
23250
6101
7067
7159
8144
1230
22771
2757
8960
22227
18408
7671
1686
12439
21382
2997
15560
16808
13322
19602
17446
17580
4461
10050
20881
12929
14661
18660
11424
19837
1182
17631
5229
16952
5215
9561
4470
16479
22772
19521
44
308
13290
15077
21896
15499
8023
18454
1110
2903
13046
4298
17518
13424
2938
17445
17053
18537
22751
2517
20048
2716
13118
386
963
18788
22117
8037
5628
22082
13972
10128
388
14760
8753
22798
766
7779
15495
802
5564
8618
6946
16707
7895
4546
8889
14772
11837
9938
21549
1015
14937
4898
9835
18902
9727
14467
1578
12529
7000
10811
5399
17464
1615
11671
22076
19531
905
8790
1940
1487
12366
5971
5267
22598
2195
10618
8903
22777
18407
12065
13103
2440
5707
20606
18609
10170
1841
4402
15967
3503
19583
9434
7527
5788
2521
15517
17703
21109
20405
6248
19106
4260
21773
20974
13133
15453
826
18009
19410
860
6006
9764
1915
18008
12670
11905
1867
10119
6764
1683
10233
19512
11253
18002
7114
1684
3972
12489
17382
667
13504
5251
19492
18492
3444
3709
9940
3987
18086
5722
18479
16522
4614
2524
22388
18595
7088
5793
7405
10483
13940
12083
22233
10054
7059
9589
18334
4068
2144
11304
5398
21423
8861
8323
9856
7964
1644
4187
1053
10142
5615
9960
8854
22912
19683
14939
7755
16014
12851
2760
2316
2246
2057
20327
14796
2858
4430
8933
5349
12920
8091
15425
8317
8086
5674
16652
4392
1041
13510
1764
13483
5293
732
16430
4348
15583
2086
864
9680
14836
8751
16254
10053
15625
5391
14087
5438
15142
5584
13958
7124
9908
3233
9371
6229
10001
3217
8353
4700
682
9841
9754
5329
15580
13193
4604
22860
8586
9740
6993
10661
12405
10252
735
18941
15980
15545
6060
9531
14051
12070
2529
21554
4118
12377
3305
11271
16685
283
8786
2293
18615
9097
20894
5772
3116
13643
21023
5626
13948
1506
4592
19058
21811
14894
18620
18355
280
8212
1770
1036
22161
9152
559
18373
1448
21739
9250
21009
11401
14157
22364
4017
21707
12991
10254
380
14412
1978
20408
2411
9300
10973
16199
17459
19851
15072
12429
2893
1353
13012
10373
1926
20683
2884
20464
20639
3427
6688
7023
932
10996
1723
20104
14728
5004
1916
5944
23234
18539
3564
18705
13148
7007
6875
21155
2449
1316
11269
16403
14037
18398
15865
9228
4040
4044
6593
10370
4619
19608
22613
13077
6442
2177
9982
11219
1052
14662
19483
17990
19527
6093
9426
12007
7485
6914
737
6427
1332
8787
5585
1869
143
4380
723
1502
12891
17771
22207
20443
4092
3155
21614
14851
8855
17404
21462
23181
9230
