16098
17501
20426
1552
2544
13700
2163
1535
1534
10742
4549
20002
4881
17688
13867
6734
20804
18632
9690
826
16239
20950
9579
971
4880
20949
5898
21413
20641
7404
4276
23192
10935
23190
19868
20814
16244
1010
8256
4334
16238
9769
1434
22605
4423
7276
1140
4755
2265
3411
6597
1043
4608
5296
21739
8241
21228
6389
20003
18719
16319
20166
22081
21384
4507
163
22080
8137
1348
5034
21193
18129
17165
7567
16279
19049
22927
22442
17120
9144
10432
11350
5445
21225
9438
17854
8174
3250
2769
660
19426
5294
22675
2042
369
5001
17724
17498
3523
17601
1536
2250
21043
919
2929
3609
6823
12015
23189
12317
15141
4547
20004
4783
2549
3051
3463
1020
17495
16464
12937
418
5880
5118
18231
7148
20488
17744
21285
19186
5455
6171
1548
21227
17238
17185
15206
1022
18179
13084
4485
14593
17098
19156
5669
1017
11728
22928
7482
5899
17257
22517
20141
21229
675
1553
22236
19736
11011
13106
22734
3181
2804
5451
18823
17275
2141
8451
18168
17519
12417
21020
16614
21508
4118
17497
19783
16928
17010
19988
19770
7578
23191
1890
22521
20184
12835
19871
19252
6119
1179
2413
16346
3412
17551
13062
16320
20895
18387
22278
4479
5324
20197
23053
19724
2120
21014
5326
3845
17143
16245
763
19716
6966
4478
20890
18701
17237
8030
2348
17710
3600
17610
9130
19913
5325
16822
401
7092
17152
19797
9294
1550
11377
1846
16418
5262
23211
1382
19731
17599
11740
5794
227
17158
920
19671
14737
21331
4492
19775
10415
10417
19778
1005
4877
23157
4504
13782
20366
21394
14672
2375
19808
1567
17183
19748
20160
19170
981
17867
19740
19171
13033
5845
8767
18355
2162
21898
978
3466
20520
4804
9008
5330
16137
19355
18622
22851
18494
17611
9224
651
17092
19723
2680
19780
17496
19738
6514
6187
13317
3339
1802
3281
9498
21378
2860
2030
22528
1918
9231
1398
4977
979
20176
13181
19730
19747
15677
19714
10999
19752
17201
1399
4548
19718
18759
18991
630
19779
19796
18482
9006
20023
5801
1345
16634
1838
2899
249
20149
19733
1850
6207
3644
19791
13267
16925
19011
22593
384
19784
4237
3340
19012
986
19754
4486
10719
3087
21343
19721
10228
21509
20929
22526
21105
6512
18195
5454
22032
1016
5846
5531
9143
12066
19772
6188
21852
17159
20174
16368
381
21770
17294
17071
3417
19749
5281
17122
5927
3416
21303
1019
5002
9223
18909
20537
22216
1654
19108
3550
21275
20140
385
19713
18118
4497
1037
19787
21385
689
3712
1606
17236
3333
798
17203
796
19753
695
635
1887
1563
17210
9719
161
11347
12244
999
19795
1947
12826
18314
5387
523
4740
1915
8433
21016
23187
20788
7227
19206
20730
17484
19788
5295
5844
1551
3755
19010
16269
17045
6166
386
1518
18166
19746
1849
19717
18791
4401
994
3575
6227
19781
3920
16142
12968
22978
18803
22852
3834
21475
14207
5336
1549
4480
10022
8839
22606
2736
1515
12748
21448
5392
19188
22170
2279
19794
4790
10350
1569
18013
693
4623
16292
998
4508
17178
19678
11471
708
17518
1073
19351
3568
19774
21160
3547
5060
5517
20491
6752
17538
9814
3239
18171
7988
22830
2626
21710
19771
993
1541
1024
2687
19729
19773
23188
17925
17890
17121
18330
5795
250
17556
22761
5446
4096
21299
19735
22435
619
17998
16282
20028
3850
13732
21995
20425
19741
22559
18249
17732
990
1339
22196
17181
4792
13339
580
4694
18012
20744
6344
13922
2611
18576
19722
21789
20729
551
3706
21335
6075
17222
21094
663
5167
19594
820
18662
20207
19864
4041
524
19387
20617
2044
1166
946
20080
20920
19755
18192
6155
14257
22647
4780
16283
19728
6354
2558
22011
4436
19865
2408
1988
988
21079
21075
22231
18923
9918
17217
19368
17209
18878
22666
16415
6714
507
14245
21297
1130
19785
2384
3979
22024
21281
20414
18499
19041
19776
21041
20038
21380
18914
3533
3495
19810
6153
19143
17929
21336
20469
1203
12543
9973
17187
14248
107
2561
915
3064
13055
2501
18912
19725
19719
22524
1014
22401
991
21564
3413
23360
17863
21370
17182
10299
17097
6144
977
3676
16106
20267
5276
3479
18010
1544
19786
3304
17719
19790
17535
3081
13162
6114
12577
18405
21139
513
9240
21550
4864
1124
1000
1306
17094
18633
19056
17273
21435
21917
19809
5329
23436
16715
18608
22103
579
21354
18683
16837
17204
2344
5315
6884
5101
18666
19732
17200
20145
3465
22870
11376
13975
17212
10104
16417
19743
13451
20994
19750
22636
14011
8027
23253
21101
17464
13094
3522
17969
20444
4800
20714
16009
1799
9539
19879
19333
5810
1027
20891
1521
3132
17205
6757
19431
2715
19807
18002
21086
19756
4743
22672
21857
10898
20046
2612
13405
18760
12506
19870
16978
19134
18651
1928
23317
18913
18457
19789
14480
17093
18794
251
4481
14145
19948
3202
22101
20925
18509
11022
19332
16362
563
388
19705
4328
18248
3782
23325
5303
18721
9783
2616
992
8205
22618
13068
4211
21939
21073
20043
19080
3135
6713
1517
5331
1272
21112
6624
18921
3853
13270
6192
20728
5328
6130
2343
20059
19720
6664
22958
2728
10532
22585
19715
1788
22623
19744
6889
17571
5804
13192
18156
6123
2297
4795
17180
1594
18797
5028
14252
20240
17227
6663
5332
17115
5000
20727
13428
19422
22156
3493
9896
17171
616
20622
845
3183
6472
17153
1347
18945
23096
17381
3321
6379
21728
19522
3610
19727
18908
1852
2707
16305
8628
17295
2949
19052
17524
2887
4505
5305
10528
17188
108
18699
22853
17806
130
6017
13238
19169
2389
1475
4014
7139
3131
19997
289
18917
1830
17687
17591
21102
13931
3571
13689
4754
8064
17396
8445
19248
730
22217
8769
23310
21827
6419
5851
6513
22758
18157
16462
23276
4932
20228
6387
4574
3526
18158
818
5423
11997
16878
4976
16702
3401
2175
19612
1881
6415
16597
3072
4671
1063
2425
12057
17424
11498
1394
17156
4860
22838
19505
22283
8985
5467
2079
2713
19558
2926
2964
18919
2760
3868
10164
21085
18937
23318
22305
16187
19817
19734
19130
4320
6742
16408
16769
2152
997
22818
5061
293
17523
8230
8190
8105
16920
48
5601
20518
1795
18821
23381
6040
1497
2169
9525
4745
788
1476
589
7170
16307
1462
20053
17102
16747
17564
19371
16136
4279
2603
19005
176
4212
4586
18703
1422
16118
16181
10110
1658
20045
2656
5078
10105
3170
20226
3886
12695
19965
17995
20142
17138
2906
4470
1898
3501
20151
8232
2668
4013
3111
17298
17525
22545
2684
1226
11135
1273
17239
17190
11819
3520
789
5471
9309
17979
20090
21721
20874
4801
4428
10787
21104
22294
19595
612
1895
19175
21295
6182
2617
19151
4764
1826
3999
1975
376
1150
19402
16476
2757
1555
5059
17722
4351
18033
3504
758
17223
5257
20191
3508
21286
10112
5335
9505
2422
20243
19857
18065
16722
14533
2878
1554
20057
1232
2167
21280
19904
15928
22546
19306
14402
5456
1930
2353
995
19954
8849
20928
16221
16975
7214
5117
2080
1530
20667
8896
5
4785
1077
5337
19996
6680
7481
13639
21451
17208
16235
3554
83
877
973
1796
2784
16493
644
19860
21906
770
21138
16624
22627
19909
4737
21363
19044
12886
10089
7028
893
18649
18944
1194
2319
17828
16308
7603
4921
19920
16179
2307
520
18928
2534
20731
18079
12833
2815
19138
18786
12865
21785
20262
18626
3079
18331
364
16991
21095
20870
16741
17206
18704
6921
821
18947
17401
22274
1332
8833
6312
18211
19793
17874
1655
9475
19739
10334
22163
12647
10496
3480
1190
17113
1953
21360
18925
18226
18200
1561
3691
9282
8178
16465
16823
1851
19128
17219
1848
3509
1920
6122
2252
19264
19964
2908
5055
6763
22689
5429
20655
2346
20092
21573
19884
795
16275
17189
19129
3967
13368
19124
5030
4876
3334
1297
847
16280
5122
7413
1199
21083
2879
1320
20024
12093
18918
5348
18072
2847
817
4974
18185
22013
22065
19334
23319
17653
2937
17207
22806
2315
1958
21822
19487
20709
16803
2886
2498
2650
12189
20619
19792
21725
20292
3409
19596
2694
3169
6599
4335
21825
18638
140
22324
22171
8524
22059
22152
22970
20337
12900
1076
21230
2426
3816
2693
6347
5533
976
18916
6088
4167
3559
23182
12390
18025
9468
3784
19526
22773
1305
2045
6167
5821
3168
2911
2329
22837
18196
19556
18659
8128
22966
20924
11182
6274
20897
20441
18307
19066
6112
18934
3988
17858
3527
18946
7650
1730
18116
19390
7822
19253
7768
16894
10537
355
1592
3402
18725
18052
3943
16120
3142
6286
21357
3368
3503
2001
22624
1519
9658
6275
16018
22705
18922
11030
17733
20663
22355
20239
4991
23308
4196
22385
20005
1609
18193
22112
21060
17868
8600
14200
20869
17215
19195
175
19296
5069
5837
22177
6460
18557
1178
22410
17284
2361
5589
1217
14105
18028
19293
22831
16240
9470
9404
22219
19415
1638
20146
18929
18023
718
989
17351
5861
1737
2845
8589
21261
21188
1504
20981
21332
3464
23379
9147
17737
18448
295
2258
4855
16060
18850
253
19269
2771
4842
2317
20406
21851
17990
11420
19984
5299
21416
20948
21194
10896
19737
21575
17211
18915
5453
23434
1006
17427
16736
9744
21743
2174
19555
18663
11738
17018
21287
4408
2822
825
21272
3195
18837
11176
19007
20849
3499
17997
5304
17328
20049
383
19704
22765
11883
22459
416
19567
6476
18040
19344
2532
1324
19146
3914
2682
21771
2708
19726
19958
17578
16852
1414
20986
19187
21277
3825
2748
22802
7737
5668
787
17220
1612
2746
19060
21037
5921
19702
152
5011
18665
17356
1507
12336
3844
3659
2268
22763
1847
17884
16773
19915
19213
4918
18637
20642
13069
19391
375
22907
996
5902
19069
610
1277
16170
4277
2271
14264
698
23481
21621
21103
21000
21964
2862
9211
16636
652
1183
21264
1752
21458
3252
3671
16197
22616
10948
21182
16583
18313
5737
19777
19164
20591
21128
6285
23363
11411
19831
3951
6028
5698
662
20941
18001
2615
2181
16341
21209
20807
3511
2140
5052
5678
17047
1313
20220
17095
18848
23269
2922
19161
6139
19766
16087
3961
3572
3497
22649
1167
21126
7864
6292
18053
19141
21302
18076
17473
19149
1162
20069
1059
20242
21055
22295
2866
18510
20896
18939
5003
17544
10291
17907
2811
17365
16772
2551
18132
14488
678
23022
9219
18930
17279
8332
5524
22611
7789
16488
5223
16188
5983
18681
22542
4281
10929
20571
21127
3233
6113
23098
17225
16782
18845
17813
1627
18176
21080
7093
19998
17702
13542
17963
16761
9425
3510
18942
4421
21248
19616
18093
20280
22823
936
16123
2512
1693
18898
18932
456
18554
17466
19978
16968
1229
22048
22817
20361
17179
22563
20044
2046
6654
17391
6277
18877
5962
22745
11801
18940
21974
19375
23344
1227
823
17670
23369
4607
17852
12375
19261
16931
9349
6502
16676
2121
5858
5518
17081
22918
2925
20861
10075
1072
22732
21050
22440
2960
17881
20461
134
3456
6422
3076
5268
22228
1665
12121
19325
16969
6941
18305
20445
5298
3323
1379
4794
19878
776
20839
1009
19290
2732
2670
19856
6625
3045
20740
286
5323
2273
20017
22519
21553
7751
21733
5762
20808
16560
6499
20894
4267
5502
3774
21125
17173
3313
19297
5452
20056
17432
19287
20134
6095
7175
6474
19183
2149
21136
7380
22613
20062
21609
18605
771
47
19240
1789
17889
1391
20050
2051
2676
16714
4589
10736
19557
21459
10524
2497
23001
5339
5525
2177
16855
16072
6180
21149
3925
461
21742
296
22238
2947
10883
14649
17258
23480
4061
19098
17024
18904
17264
6050
3028
20892
10523
460
3515
21338
1148
18911
18707
3335
18214
3506
3194
1558
23145
16816
16570
717
17984
9453
12993
16363
20574
22190
22630
1041
18553
1652
1657
23355
6073
3974
18957
17776
4722
16810
16833
5510
7458
19078
1835
18857
7068
2459
4208
18227
4824
2264
21998
6141
4280
19690
2253
5412
19849
20385
21899
2249
172
23055
7826
5384
17715
16198
12891
791
3414
19154
1978
16762
21715
7665
21653
22993
1556
19173
22232
22983
21067
151
18199
3500
18183
19208
5013
2876
17437
488
16202
3383
4940
18050
20648
18506
20301
738
8361
287
17697
4779
23353
3911
2511
4315
22268
17233
21920
20093
1919
5421
8244
6346
3507
