19897
19896
4052
14178
13430
26129
26133
26130
4056
26136
554
675
26128
26132
26127
1653
2191
26134
9149
26139
10695
10287
8844
8738
18655
8283
21163
8517
6063
4045
1537
24539
8836
20797
23552
1572
19718
19248
14128
5419
22111
17532
20442
24798
16128
11407
4462
25616
6059
17227
4399
12571
4791
9847
13516
1528
4193
6338
2927
14048
11856
18995
13735
13454
6879
24770
23739
13739
12154
7279
4550
9037
1506
5538
3187
16554
23799
13346
24116
26098
21575
1224
7790
17400
21509
6561
465
22055
24088
16152
19966
2971
2546
18193
24141
11973
21312
16117
530
21073
364
18138
722
25012
20316
7014
19128
6226
5708
15396
5954
13212
11211
24086
16847
23217
20652
23569
14707
14389
1826
17910
15570
24469
19160
12128
23599
13190
641
11024
766
16222
15005
24317
20339
19428
22453
19765
22627
22223
19387
2476
24689
24789
13253
5165
1204
23381
19862
26063
8552
7421
7741
1958
1098
3722
1546
13641
15437
24625
4693
19571
16084
19720
15118
13030
24966
23710
13713
3328
24839
2306
4780
2862
25128
13335
15471
17132
13668
4769
10363
21310
22088
17325
24750
16133
7877
9544
12467
1087
16345
6164
23098
2760
12864
22300
14768
12143
20801
16633
3455
16833
10670
16400
9812
10673
2445
23328
24799
12666
26020
7293
20891
23382
1231
17428
17120
23413
16715
8067
408
10180
6746
9489
23443
1196
18679
4996
14163
25238
17349
4116
6103
13486
5786
1310
4583
21634
787
8421
17044
18982
5009
7789
13056
5153
17782
17276
37
1814
5015
23539
13029
24848
16583
22002
3710
15699
13055
5603
12901
21650
25658
17416
8489
22089
25933
16390
8264
1916
2663
22832
6692
8559
12995
16373
2975
620
16520
18209
26013
22798
15967
14342
9156
18510
20064
24584
4773
7837
4556
12091
20001
21368
11136
17784
2209
4668
13769
19325
18414
8697
15974
23017
10003
18569
5660
4183
589
10206
1968
15965
10667
3470
7551
88
21500
22586
4157
8739
6044
12118
7504
22045
18866
4770
24358
10443
6287
5193
10098
7924
18889
23887
300
2127
23479
2453
5116
13996
4750
9916
11447
21392
14056
19216
24571
7624
16476
14003
17830
11191
21016
117
24420
25478
894
1994
18197
22493
5311
25439
19009
16291
26137
3868
24814
9504
16560
7308
23663
13245
2081
21785
14175
3315
23836
1393
8910
21923
20683
23774
8944
4801
15432
18286
1548
6414
7936
25724
5011
2514
21408
12626
14663
3931
17747
10126
10214
11923
10755
751
5466
25263
25303
8420
3544
6496
21526
9622
3231
10349
18755
16911
15737
25503
13544
25920
18559
20925
4650
22949
21990
24749
12155
9927
13767
4192
17595
998
4371
13601
7602
1055
15462
2963
11674
7208
4275
12614
12621
20851
10848
19895
4772
3565
14147
14688
5527
1125
23811
18454
19357
19079
22246
13667
1667
10630
10352
18674
25828
8963
23711
2234
5995
21980
18177
9846
13150
14792
11981
6269
949
15120
17561
11322
7621
10067
12882
11573
23523
7342
8798
24772
23160
10355
14748
4048
1466
24448
7843
13446
3378
1516
8656
12710
19381
9898
7232
22969
18135
4189
12603
22399
9268
8601
12525
18506
23221
16935
15703
12652
17128
20134
23408
9595
7327
2697
11845
17865
10913
7564
24249
8537
6670
14118
3002
8251
17022
741
1455
8543
14518
6485
13940
2969
14857
26018
11404
1032
23090
7628
7454
22011
9923
5046
7172
8892
21433
10640
8460
23054
14130
10092
16710
6853
9283
23945
1938
17460
15039
19101
18140
8442
22974
25797
23559
7356
16552
25546
25237
10692
8374
10457
17580
2016
17434
16681
19207
16916
1790
25657
19932
6614
5345
20717
21543
12071
15102
12692
21460
17523
16191
8540
17780
10171
22244
11863
6543
16582
15095
17541
4062
3526
15625
19239
6733
13782
16349
25878
23138
6301
8458
9325
12377
4086
9912
12842
11647
14588
16246
18602
24812
10411
2552
14197
23575
4682
13999
8548
13157
2974
20884
6176
2588
25962
24000
15420
6126
21610
13587
21010
1477
4525
3979
23156
427
18567
19235
24306
9138
23253
11324
13119
16469
25807
16837
18744
15944
8344
12283
9613
6947
9889
17821
9767
21415
22947
18729
5518
16807
22529
14949
16086
18174
889
13117
1990
1268
6262
13426
21851
5636
1035
555
13182
7094
18072
10796
13196
17463
16513
8997
10729
21556
1415
24333
9623
11670
7082
8467
25296
15240
24112
1782
2078
14990
7629
4707
17403
16754
8097
17095
8219
19123
798
19374
5108
11338
24142
25656
25269
3408
21934
12286
6190
6020
17508
6235
4873
3660
18041
597
22898
7953
14523
10477
7940
20938
18566
158
10046
25957
12345
14041
21869
15664
10454
10473
18681
3871
7650
9329
7680
13715
7996
25566
14642
21429
15955
26121
19768
25495
22560
11131
12074
11327
5172
2738
3008
10077
21194
24831
15380
18069
10672
11639
5658
18696
16123
16550
3116
9410
4553
8491
25249
8996
15088
13455
2744
24427
9502
11693
3292
10333
2603
18352
23607
4182
18522
16533
14426
10130
13191
24467
21076
19026
20967
12221
14595
1609
18073
11959
350
8919
144
14800
24957
10372
21916
14334
7811
24103
1308
11578
9782
19615
8657
25637
12530
850
17201
15824
12554
24428
23168
11085
24657
14529
24721
4412
21042
16252
8386
11796
16150
21006
12564
12144
7424
23902
24001
74
21557
16581
25280
739
20833
12404
7648
18688
9341
25010
23655
21017
8583
23706
9781
17405
9605
2747
5403
23110
23733
15788
23996
5615
19259
14350
3186
14617
5493
15295
25291
26051
15105
1240
806
10550
8508
588
16762
25576
2328
2433
345
15816
19827
13649
20867
21963
23438
2080
16055
17736
1176
6809
19711
12200
10273
13377
4640
10952
13448
16869
24827
904
16409
1260
16478
21830
19227
15738
7218
3083
2584
21747
22015
1750
14120
14543
24537
11064
3792
5598
7332
21002
9831
6494
4394
23969
22105
3914
24935
4616
19954
18676
435
4469
20362
22140
10753
14131
16198
11331
7535
6810
24802
11005
8955
23645
13631
16981
4522
662
14090
13348
5387
23958
9322
10502
23846
14893
13158
8236
11215
20187
1652
9709
17243
12996
14454
24066
2858
347
25899
17468
14993
3177
12902
15216
22823
12282
720
17521
24224
1614
1518
9536
9806
3606
9598
21066
10907
2643
16848
15613
8507
6873
22596
20184
3305
23564
5093
10377
18326
9526
8666
23390
13148
19740
3001
1262
21763
17935
24233
17917
2784
5437
16308
23476
17188
19446
6435
7625
13424
17659
19398
20507
6908
18636
7297
25996
20438
13224
2667
11657
12869
21952
4370
20259
17158
5749
13835
15183
7098
9412
23084
15153
16799
24581
23419
12020
11393
8565
14210
22148
11887
20099
12713
1338
1557
16736
24346
23187
6138
9233
16753
16868
10619
15452
4766
10930
25013
8119
21104
4708
21710
22351
13828
11097
18525
5805
15855
28
6434
14214
21945
15392
11821
4833
11537
7849
9950
1488
7562
14612
25639
25148
10421
15031
9882
4897
407
9960
17667
16829
22326
14471
10797
10227
2010
20384
13734
12432
8469
18519
12175
22553
625
16634
25935
2561
18408
11301
22426
13259
570
124
15260
3938
5834
17379
18645
14095
7417
6660
18950
20407
25672
18376
5209
21592
150
2281
19882
20357
13483
2879
10088
14987
9109
8674
2403
756
3752
22518
5310
15686
8609
6304
20289
3927
4491
915
14154
10471
23960
20780
5338
2763
18781
16286
1257
20620
8692
1700
8487
5076
2195
423
14645
17131
8547
6266
16712
10557
18695
14585
577
12711
22238
22272
19506
6439
20746
26135
19717
14461
23505
3545
14463
10230
964
14900
386
20213
4100
4260
16943
23833
4422
15791
23137
10304
8570
18394
19709
13711
980
12613
21440
8904
23965
19941
8534
17900
3619
11899
5092
12035
7636
19270
5176
24204
18287
11390
14725
3297
12818
10137
843
25849
18455
10309
4306
6271
17623
19838
10742
5531
21883
5773
5364
16484
2694
20337
21447
21207
3525
1637
10305
11903
7016
12450
2193
18929
24542
5048
6740
22324
15843
3262
2623
3867
22879
5308
5065
4367
9614
632
2099
3668
7484
15268
16130
8413
9006
1827
2735
5077
2912
19968
3843
8490
20328
22358
3991
13520
26006
21179
16910
10529
14526
2405
7244
18900
1388
23248
13290
3782
14074
22641
25640
1541
17437
19670
19295
12158
1751
17014
6155
16652
17471
23682
15238
14562
10194
16873
18077
23400
10588
13051
17032
7675
11129
19764
21544
19121
2462
24326
4567
19131
24319
5019
23143
3946
2842
9948
16952
4958
11792
1627
24125
7742
9481
21682
2103
22303
5398
15885
7565
23145
15035
24481
24996
20962
1276
15378
2297
10168
9264
6686
22808
18266
13613
9082
11940
24278
25995
15755
23144
16233
16050
25647
5674
23376
1081
13903
5682
802
9050
3832
529
7994
16490
20146
10592
16099
18245
7411
10500
9382
10650
16559
24252
5454
22147
23618
22574
5519
24002
18411
11431
17500
3217
15184
22912
19894
18776
20981
23433
19155
20611
1866
20799
638
5484
23238
25015
4194
6621
19744
18362
10240
13422
11837
4451
13621
11501
24881
7612
15041
19916
20974
9168
12880
15982
362
8035
25327
22811
14288
4257
18246
1075
25725
1896
10129
2774
2457
2733
8225
24067
10710
2913
3523
8198
4310
25051
12891
1840
2159
9106
22422
25577
12597
25351
15943
10239
23941
10586
15300
16015
22361
1785
25301
21139
16861
15555
14929
580
24510
173
1129
6786
5107
10140
24896
3910
4601
9946
12125
14841
23368
2484
17181
4868
4768
8399
23889
3831
4163
24275
22939
10813
23146
18584
10020
20624
1761
23062
1543
4981
9843
4345
17193
16379
20929
2785
20980
21924
20300
11919
21839
7555
3120
2146
5522
8754
17016
25852
14609
21796
15285
25298
13010
18146
6977
9071
3036
13457
8504
528
18908
13936
1804
4949
20598
3386
5321
22580
25344
6392
2886
23175
18543
13966
9941
24818
562
18262
3626
7647
23230
10181
21582
18599
14498
16892
22944
16927
11812
18331
3609
23901
17658
14573
18838
23814
18422
3200
20148
17846
4039
16921
1880
22623
15279
3373
165
13627
6252
25500
16129
17330
8621
5351
20050
25465
9338
139
18317
10269
19616
2704
23847
5517
18388
275
13673
21366
7167
15329
5554
19474
13466
5986
3729
4572
5779
18859
9463
21457
4675
3709
13494
23838
20455
9967
20811
25427
25227
5404
10953
23099
21007
20402
985
25231
8615
9004
8210
8746
15027
2539
1578
20370
5474
2742
15817
8437
1189
6631
5281
19484
13120
13412
5721
12429
24128
17951
880
14726
25900
13067
19033
22370
9243
14970
6734
1858
21866
10307
9181
4626
14658
15797
19842
14155
3956
5560
7848
10748
302
21342
18118
16003
20449
26153
2755
20595
9231
13972
25079
5757
4185
17270
21870
3664
4206
5584
12063
39
6531
2226
6131
16176
14126
3400
24359
8375
16511
22166
12593
4443
9178
514
7993
10869
14206
12207
17342
3541
20658
13443
48
25876
9342
7040
24815
4479
16939
23610
1792
680
14162
17133
5263
9607
4024
23322
11185
18071
2700
25574
2415
8239
9682
19456
4564
22621
5671
22899
9405
7396
8816
4819
7750
18162
9455
9379
6963
14240
21821
4498
7554
2312
6279
20380
17420
9131
4105
10051
19181
9429
23581
974
4971
22881
473
22382
23805
16887
1613
7013
1449
12293
7756
4403
13409
7135
21499
16793
5402
7841
2331
5175
18568
16881
3847
17668
22368
23639
8021
17844
9650
21056
16734
18139
25265
24553
10908
18155
12330
17307
11362
22891
54
5132
17139
12487
18617
20088
15333
23690
8705
25673
18992
18001
25246
13810
12644
16751
13053
17959
16206
19087
21226
2014
16290
3880
13046
23275
2583
8587
20768
167
7833
6408
13226
19956
16004
7261
5248
12588
23516
15652
15560
19444
24765
7366
595
923
3764
18980
709
21737
12138
12627
23231
2843
12223
501
15416
13931
3392
7723
20900
17792
2892
20623
1147
3820
8154
3984
20965
17564
16190
517
1056
7603
19288
22907
25563
25141
346
3779
7927
10316
15311
8255
11798
7955
26019
19217
23574
8038
14285
20270
18271
11662
12424
15920
9358
11515
5998
11618
25548
20321
12671
3301
13859
21675
18540
8520
23974
12762
3289
7226
19683
11302
19048
3430
21289
17576
20039
10027
24502
15585
568
9705
9791
5173
213
1103
9629
21585
13328
3749
11272
13276
24784
24437
12195
22267
22934
20398
404
458
3171
9068
17017
21601
23792
21086
11330
15854
21752
9570
19401
15309
11766
13294
11383
25356
15679
10356
3077
24360
