13929
18202
11585
18721
14858
14200
3222
16521
16556
3310
14849
19794
18436
18068
11564
4590
17461
11568
21863
18421
14850
15357
16503
2443
3211
18411
19776
12259
14296
7108
16553
2102
19405
12416
20511
11563
21673
15669
15358
21314
1471
12415
18179
21785
21835
15702
16502
20018
22066
18610
15305
14855
4066
4213
19367
2450
16557
18984
6631
18816
22607
11981
14853
20624
12280
14851
5041
13960
3963
3223
3006
6721
15396
2085
16185
20835
18988
13823
21938
22688
2007
3831
19952
3290
12967
11561
12588
12417
12295
18008
21025
1823
11578
1459
11586
1741
4396
14857
20340
15264
4404
13491
2009
4422
14041
17658
16888
18252
18645
6272
1949
12859
19789
14670
21843
20019
17064
2459
22016
16301
17718
22656
18073
4430
16437
16552
22689
18273
12913
21310
2122
19600
283
15209
4217
18509
321
6562
3210
2254
18016
18534
21831
20341
20197
4411
11907
4177
20719
19788
5542
6157
5676
16506
18981
18647
3257
13169
21454
5192
2703
18648
11102
4932
11783
18040
16656
2520
18728
2488
5780
4522
17552
14070
11580
14148
20242
18993
4431
22254
15872
4429
12428
14846
12429
2870
15290
15533
3941
7467
1931
22658
20379
22255
2514
4400
15691
15352
2466
18634
5506
19885
21450
22235
4406
14821
15715
4408
18929
2444
2531
3644
13579
15843
13989
19561
2441
2463
1827
1419
4806
19415
20449
13395
13748
3228
18504
1673
20928
19584
18493
22110
16184
18558
15293
22516
14340
17437
1694
21737
3868
3203
5741
13912
15333
4330
19693
20144
11906
12145
19264
17486
3240
22691
3951
5747
6867
2711
16263
16416
2494
18184
20385
11571
15719
22693
16322
15772
5227
17659
20721
4398
16969
2458
3204
22091
15493
20507
17444
12502
18636
21419
2291
2069
4568
21730
17817
19897
13015
21836
13964
1240
16494
5834
17385
20215
4402
2163
470
21849
2246
3694
2469
18577
18417
3829
15330
13847
5691
14875
2460
20246
17560
6737
18660
13443
18450
15211
20513
15398
5018
17687
20909
19394
23280
15205
5326
13890
19080
12303
22753
12914
18478
12293
3334
20977
4921
3919
18563
13210
16193
17717
20196
11806
22683
3169
3962
5587
5418
11662
11565
140
15342
20203
3224
3740
11737
20054
15508
15448
17348
1599
23179
5717
2462
21695
13784
13314
15714
2470
17296
18817
15298
21770
12283
18418
20110
19072
12732
19238
14211
21939
2468
6169
5324
19336
18601
3083
15217
6823
4694
11841
2844
20583
14310
18549
22109
20113
12290
15331
16617
15473
16438
15307
17425
20394
11920
2392
18468
5330
7007
19071
4082
17835
13194
15329
12348
13173
23252
12389
20208
13189
5715
11911
18093
3749
4171
6804
5833
5507
11136
4649
5630
22205
18535
11802
1372
15328
3940
15308
5304
15274
11658
4311
16666
16528
14889
22105
14991
1723
17213
18546
12237
11604
18452
18826
21422
15643
22103
21916
20360
2734
18461
12284
17803
18551
14063
12153
22414
3752
11608
22713
22690
2473
15750
4103
13997
22012
19675
11701
5753
3377
23137
1770
15648
15302
12728
20916
4174
3238
15303
18494
12427
11485
13787
18547
18818
5083
12287
15321
6881
11815
13533
2482
7166
20522
15554
22407
21986
3761
3555
4399
3497
14695
17457
16664
14564
19324
2945
4414
18561
21463
18438
16937
15292
20109
5505
19288
17982
17836
11976
16491
5742
5500
12426
13190
13961
2467
20708
16270
6632
21746
5624
19335
4640
3252
3288
17452
19707
12731
13431
12628
6776
7096
16330
12285
22157
2893
17684
2487
20776
16520
1932
5405
17381
22156
12305
21443
4050
20595
20188
13660
19564
12261
2284
20078
20205
18390
5694
21455
22104
4052
4208
19699
15844
13822
18640
15354
15618
15918
23229
14152
4671
3297
969
18490
19689
16671
22692
11663
13925
17787
20056
15793
14660
7081
14150
5320
19904
16384
21452
20429
17257
2493
11622
15240
16227
15304
13310
21960
17848
22244
19779
21393
14272
19692
3053
12186
16872
18479
21394
20505
21845
6728
21028
20543
338
21401
5308
4239
6167
18810
17532
17062
1643
6797
16673
12282
2490
5050
11761
15781
15299
12446
2231
20602
12110
15721
5442
3207
19175
14348
7180
18047
16576
15018
17041
3913
13229
14027
20544
3031
1948
3664
15309
19945
18027
17657
18755
16619
15322
16861
20930
6586
14820
2479
13492
4618
15323
15573
19149
17455
1337
1691
22920
15285
22679
4149
19106
12503
16626
15301
18350
22818
18178
2461
2478
20913
21217
18185
1919
7082
22419
15704
22604
6175
17662
17293
5811
15909
4467
18968
20957
17285
21022
5015
2348
16708
13137
3364
3405
11579
17819
6254
18618
13442
14557
5127
2440
3781
3187
1758
16439
4998
1565
14030
3950
4175
12289
5266
13898
19325
16672
13184
19305
20922
13428
18536
21415
3582
4625
11980
22233
22449
6548
18737
15320
15717
5744
16427
12418
398
16919
6816
13312
4549
17351
11590
14230
22861
17562
3355
18253
4601
2147
3195
2522
13168
3400
13608
12730
19147
14998
4176
16490
3954
20294
2968
5466
18121
5894
17573
5954
4580
18080
16700
18781
5468
12294
11974
12968
18762
6606
5698
22465
16213
12105
21884
1777
22755
15337
22783
14653
17978
18719
1305
5161
22363
16504
15325
13821
17555
2230
4543
6431
21724
12232
13901
15052
19704
18576
3837
3218
12071
17569
11887
15208
20863
3909
17843
11916
5720
3894
19239
21704
22819
22128
6958
11643
18412
3281
16429
18539
2253
13626
19717
14976
11913
12517
5404
16313
5032
5267
15326
12559
16261
12575
15229
4338
15327
17904
21563
2627
15722
17280
22262
22212
5615
16335
15710
19050
13074
5025
16745
15300
20206
20198
4680
16772
6759
19511
19662
22229
6074
12291
17757
19906
5038
21492
22889
6098
19670
18543
19893
21717
3368
6825
16210
18529
18774
22448
13962
12912
13248
3052
5626
4058
19708
13143
4633
3459
12894
13999
14090
13886
13793
5847
22760
16388
3466
18463
22
22927
12225
20962
19443
18508
5001
18092
2977
5730
22774
14856
15356
21941
2709
21189
3201
20157
16554
4392
22413
12969
19888
22497
21192
15886
12573
18579
17282
15049
21248
5796
2431
3110
21990
17389
15341
2008
2484
18507
2496
20443
21324
5712
6761
3974
18215
18487
21648
17663
23226
3249
21374
2448
23251
17862
22821
5441
12397
621
1438
1964
6549
15184
16300
20180
20510
5740
17578
17297
22005
1675
4604
4407
4666
19033
18241
14000
7106
3956
1401
15477
17567
3284
3282
14317
22828
17588
6999
20701
12789
20396
21476
5013
1651
20931
19467
4312
5337
22823
15585
5168
5934
2761
20490
1769
22780
3168
19671
1396
1158
20917
4712
17192
21208
12497
17988
4189
18530
13181
2043
15801
22773
18615
17837
4668
11558
13026
22811
15629
5307
17201
16492
5323
13017
6377
4938
21395
20317
19369
22926
23233
20016
4065
16477
5501
6689
16275
17591
14042
4493
20168
5206
14196
18587
15420
21236
16447
18854
14577
1714
2610
3237
18409
4664
13797
13150
4733
3727
16715
3234
22240
2980
2726
22236
2192
15233
16436
4642
23061
22106
17842
1587
16871
20807
22108
21416
12518
1683
6189
22069
17276
17086
6004
15027
8899
3780
17208
17583
11642
12068
22007
11785
18272
13461
4069
21357
12586
3953
15632
13945
3977
16841
15335
3867
22102
3828
1585
20498
2426
15213
17660
17186
18306
22644
4389
17185
4395
19881
20365
20463
5449
5189
2976
18475
16738
12737
15698
22661
20142
22115
1428
17377
5036
20233
3691
2151
17352
13538
22447
6882
18790
17903
12792
13834
6611
2139
3544
12356
18541
1485
2588
17023
3695
21984
2498
16961
14089
6948
3578
12726
18666
13134
21869
16661
6561
14025
19764
16730
17975
1462
21280
12501
21321
22678
20201
1963
18559
15689
16454
6604
20185
17347
4983
20765
17295
3585
15380
17575
20199
5109
19983
22107
19660
12713
13554
3556
12226
18906
11570
3603
13188
16829
2589
19786
13466
17565
15210
4956
16363
6563
19346
2464
22768
15415
17278
20448
11790
12260
12441
14624
12929
4728
17453
21952
2680
3979
16734
6559
13329
17150
5352
15359
21977
18030
18995
21652
6417
17773
21462
16863
2724
18604
22381
7126
19709
12565
20207
16970
18614
12297
6124
22382
8825
15912
5204
5126
5244
3384
18481
16822
12057
14886
3186
17298
2735
2066
2570
2810
6798
19081
22849
6959
17299
23214
6226
17078
18408
3671
3274
15239
4511
22080
4264
15162
15916
3185
7016
20857
18510
15003
3250
3982
4908
16763
15075
21209
18462
22470
3705
18034
11886
6856
19533
6692
12519
17592
14305
23218
3584
16783
3581
1906
6011
2757
17980
13831
16334
19995
3579
18448
20947
5365
21247
13126
2497
18364
21623
17018
2445
16555
12430
12583
14329
22544
14271
18405
6550
20278
22213
2131
20710
7070
2045
19398
2869
17218
2552
18980
22824
5745
15286
22496
3276
2124
17891
22383
18308
19464
18593
20450
5782
13238
3908
14925
20181
13959
3205
13045
17912
5388
12567
5662
17132
19326
4354
20990
12938
13226
17557
21624
16314
2211
17566
4644
3920
22378
6687
1406
22033
20243
20700
13051
15324
14226
5625
17580
2084
16328
13136
5719
16329
16827
2476
3672
21582
15688
19694
18062
18410
12349
17579
15215
15580
13662
2156
6944
20593
11880
17485
16216
19946
12390
5006
19645
12950
20645
20780
20369
18263
2046
20668
20953
17095
18889
2240
21121
13453
14307
22914
13551
11716
20557
15310
4251
4191
4053
18435
6311
2049
17790
18354
2940
1382
15186
19507
18009
18789
15338
22793
2623
13515
13656
22916
18336
4303
17002
6704
2388
6757
18886
5031
21834
2176
6922
4454
545
12721
21551
4898
7093
11657
22898
13664
3435
20734
18069
2317
19121
1489
20202
5722
21713
2491
12507
17199
19187
22023
14876
1632
3369
15312
12103
21048
5873
12084
12508
14038
3002
22900
15179
2287
11784
11169
20659
12469
2939
4732
20229
20586
5743
2125
20200
5669
17689
16711
18720
21174
17683
12257
5502
18380
14001
17238
15157
15017
15458
18010
5754
3376
5577
18795
20209
18327
14177
7113
4428
21400
20707
17777
5479
4656
16443
21088
12944
18552
5729
6109
17846
18173
302
22724
3580
16945
22651
18932
2223
4652
12163
18885
20494
18002
4410
5498
5697
1470
14170
366
22738
18474
19086
21291
11805
14639
12278
17907
23101
16599
15238
19054
1486
14047
17854
2979
22010
19710
4257
21896
20342
18182
19711
18334
20014
16858
14544
3949
5274
11991
6805
14822
15418
20525
14906
2249
14563
20433
20325
4147
3764
7052
55
12286
14294
5771
3678
12461
18742
17802
13877
19924
1281
17855
17559
19603
14997
46
20994
15713
21735
20973
961
14654
2521
18528
11844
18930
21
21679
5978
54
21477
13685
4006
22192
12869
16633
20489
15576
6711
19719
21767
22435
12949
20658
20055
16860
11309
3447
23255
2245
20395
11837
21095
17374
17071
16211
1880
3650
18738
22137
20478
3184
6796
17574
17632
20339
19892
18792
6496
1404
22674
18476
20231
20151
18659
12442
4456
18965
2034
13701
4574
20351
12739
14026
22901
14566
2407
17554
1938
13185
12926
11771
18571
1423
22443
19891
15425
5153
14024
6221
6093
22001
11987
17586
2248
13995
5671
5482
20421
19637
22445
6812
11624
15055
12714
13686
19057
17237
11576
17755
19949
19386
17628
2978
14314
4514
5794
4074
22194
17672
16579
6734
22036
15773
18927
1367
6201
19988
18028
4621
16421
5414
3076
823
12042
4982
4358
22090
2873
20486
22461
19894
19228
18102
2883
21517
21040
8671
17582
12788
17901
2282
18199
18216
18785
4241
12150
18526
5513
17284
3081
14891
3366
15744
3551
18488
1945
22388
5845
5726
1970
17577
17756
11567
12262
15032
3475
5862
22675
13841
22896
14336
21824
19242
21936
7095
20132
22885
19778
13317
14729
15346
15340
3030
12946
12256
20506
4073
22013
6094
21591
13971
6716
6903
1907
15317
17585
3946
18702
21999
2969
18424
6490
21866
12118
22796
2899
6133
20075
2731
4314
18877
6719
19315
16480
4238
15316
15219
19676
22142
16194
5721
19136
15339
437
4353
21993
22089
1365
15349
17779
4362
1955
18890
5580
3443
17772
13606
22237
11993
4981
1797
1834
5053
3955
15419
14337
14548
11881
6183
18673
5401
15379
5294
23284
1222
154
11824
5718
21009
17939
2525
11588
12444
18855
2905
5629
2454
21969
2378
2941
14726
1734
17235
2150
20918
15250
18381
23264
7358
4996
4341
19613
13448
17242
22550
2725
5284
1538
20434
4352
11940
22121
11876
18837
4486
13152
15658
21924
16573
18112
14171
19878
18827
5731
2247
4692
22179
12104
